0.52305
0.50332
0.48608
0.47315
0.46622
0.4631
0.44399
0.44102
0.44086
0.43767
0.43148
0.42534
0.42236
0.42931
0.42187
0.42303
0.42847
0.42971
0.42991
0.44219
0.45447
0.45522
0.4711
0.48178
0.50354
0.51729
0.541
0.51156
0.514
0.51445
0.51304
0.51135
0.50728
0.50213
0.49505
0.4873
0.47696
0.46938
0.46231
0.45626
0.45162
0.44498
0.44013
0.43597
0.42755
0.41778
0.41504
0.41399
0.4141
0.41434
0.41508
0.41742
0.42332
0.42893
0.43688
0.44351
0.45252
0.4616
0.47253
0.4855
0.49981
0.51759
0.53441
0.5529
0.57105
0.58668
0.60568
0.62308
0.63988
0.66177
0.68999
0.71135
0.73308
0.74469
0.77015
0.77038
0.81707
0.83249
0.82467
0.83733
0.84282
0.83811
0.80589
0.80645
0.807
0.78088
0.76408
0.73663
0.71136
0.68887
0.65394
0.62391
0.61064
0.58691
0.56286
0.53657
0.52118
0.51976
0.49651
0.475
0.45715
0.45536
0.45003
0.448
0.44597
0.44552
0.44013
0.4327
0.41932
0.43183
0.42284
0.42499
0.42847
0.42218
0.42639
0.43911
0.44768
0.46208
0.46389
0.47976
0.49563
0.5052
0.52704
0.50786
0.50856
0.51111
0.5132
0.51318
0.51002
0.50266
0.49912
0.493
0.48711
0.4827
0.47748
0.47354
0.47104
0.46533
0.46367
0.46279
0.46472
0.46138
0.4636
0.46476
0.46543
0.45868
0.46035
0.47074
0.47494
0.48711
0.49998
0.51041
0.51912
0.52988
0.54433
0.55582
0.56975
0.58468
0.5985
0.61366
0.62897
0.6419
0.65915
0.67461
0.69086
0.70464
0.72183
0.73391
0.7453
0.75874
0.77655
0.78666
0.80883
0.82014
0.82689
0.82913
0.83257
0.82206
0.81056
0.80816
0.79816
0.76903
0.7576
0.73631
0.71503
0.68891
0.66936
0.63139
0.62283
0.59377
0.57505
0.55114
0.53944
0.5221
0.50189
0.49187
0.48759
0.48436
0.46681
0.464
0.46118
0.46553
0.44664
0.44984
0.44844
0.43419
0.43189
0.43123
0.44095
0.44151
0.43777
0.44083
0.45375
0.46158
0.47722
0.49472
0.51221
0.52656
0.53577
0.5145
0.52038
0.51775
0.51648
0.51908
0.51713
0.51453
0.51066
0.50828
0.50964
0.51195
0.50688
0.50529
0.50818
0.50793
0.5084
0.50758
0.50739
0.50831
0.50905
0.50776
0.50642
0.50635
0.50743
0.50842
0.50824
0.50509
0.51108
0.51755
0.51987
0.52494
0.53363
0.54614
0.56011
0.57096
0.58046
0.59861
0.61603
0.62956
0.64518
0.66154
0.67825
0.69619
0.71302
0.72878
0.74617
0.75595
0.75451
0.76584
0.79704
0.81049
0.81598
0.81292
0.81832
0.82101
0.81513
0.80449
0.77528
0.78985
0.76939
0.7543
0.73921
0.70509
0.67231
0.65451
0.64292
0.62011
0.59647
0.55549
0.53847
0.52581
0.50139
0.48253
0.46921
0.47149
0.46362
0.45558
0.44755
0.44124
0.43358
0.42577
0.42894
0.4223
0.41402
0.41314
0.4166
0.40873
0.41179
0.41618
0.432
0.4437
0.45588
0.46353
0.48687
0.5012
0.52954
0.49892
0.50182
0.50286
0.50264
0.49933
0.49564
0.49038
0.48239
0.47502
0.46613
0.45966
0.44832
0.4453
0.44321
0.44197
0.44282
0.44275
0.44384
0.44578
0.44716
0.45203
0.45668
0.46161
0.46373
0.46749
0.47149
0.47583
0.48164
0.48495
0.48988
0.49446
0.50204
0.51544
0.5294
0.54401
0.55681
0.57696
0.59297
0.60853
0.62629
0.64391
0.66158
0.68039
0.69864
0.71771
0.73169
0.71106
0.72741
0.74721
0.7795
0.79174
0.80269
0.79677
0.81377
0.78835
0.77388
0.77003
0.76862
0.77392
0.75351
0.72634
0.70242
0.67882
0.64974
0.62421
0.61396
0.59783
0.56883
0.54611
0.53761