0
0
0
0
0
0
0
0
0
0
0
0
0
0
0
0
0
0
0
0
0
0
0
0
0
0
0
0
0
0
0
0.061111
0.15512
0.25339
0.16419
0.27618
0.33932
0.38633
0.34689
0.32487
0.41673
0.41612
0.42835
0.53764
0.51638
0.5314
0.52973
0.52426
0.43094
0.51172
0.53956
0.54851
0.59859
0.55764
0.54015
0.46774
0.28816
0.16108
0.52862
0.40196
0.44246
0.4184
0.39575
0.36178
0.34239
0.32141
0.336
0.14795
0.19143
0.058562
0.048423
0.055796
0
0
0
0
0
0
0
0
0
0
0
0
0
0
0
0
0
0
0
0
0
0
0
0
0
0
0
0
0
0
0
0
0
0
0
0
0
0
0
0
0
0
0
0
0
0
0
0
0
0
0
0
0.0016587
0
0
0.054117
0.21488
0.18076
0.23861
0.30031
0.29379
0.18829
0.28151
0.42367
0.21889
0.39257
0.51356
0.5407
0.47686
0.33835
0.53567
0.47252
0.51696
0.53806
0.46471
0.46816
0.49722
0.39168
0.51377
0.52224
0.61288
0.36887
0.51107
0.41124
0.38365
0
0.13237
0.27994
0.19113
0.2309
0.34525
0.29639
0.12087
0.12772
0.048277
0.02705
0
0
0
0
0
0
0
0
0
0
0
0
0
0
0
0
0
0
0
0
0
0
0
0
0
0
0
0
0
0
0
0
0
0
0
0
0
0
0
0
0
0
0
0
0
0
0
0
0
0
0
0
0.042122
0.02992
0.10197
0.069478
0.14187
0.1985
0.23663
0.31135
0.35144
0.31499
0.21334
0.36029
0.50121
0.1425
0.21179
0.47889
0.37251
0.41188
0.40477
0.48317
0.63275
0.55272
0.28754
0.39851
0.61047
0.53957
0.55769
0.55741
0.46693
0.50773
0.52894
0.43487
0.43176
0.44441
0.43707
0.33817
0.37336
0.32375
0.30726
0.23369
0.1573
0.03354
0.05208
0.047982
0.04294
0
0
0
0
0
0
0
0
0
0
0
0
0
0
0
0
0
0
0
0
0
0
0
0
0
0
0
0
0
0
0
0
0
0
0
0
0
0
0
0
0
0
0
0
0
0
0
0
0
0
0
0
0.01663
0.10954
0.13429
0.18174
0.19105
0.23568
0.24836
0.28773
0.34341
0.38544
0.39359
0.42048
0.42855
0.49933
0.45555
0.57643
0.5899
0.51677
0.57663
0.53548
0.47761
0.29544
0.52869
0.55317
0.46737
0.53852
0.51891
0.51627
0.52439
0.43105
0.53544
0.44826
0.40676
0.30951
0.45724
0.38292
0.33792
0.3156
0.16439
0.029319
0
0
0.081628
0
0
0
0
0
0
0
0
0
0
0
0
0
0
0
0
0
0
0
0
0
0
0
0
0